[{"id": 0, "img_name": "frame_0001", "width": 1280, "height": 720, "position": [6.742401596894118, 0.8099117532265263, -7.030317678542092], "rotation": [[-0.11926475431967082, -0.7141156474898016, -0.6897932736605145], [0.9928624871436461, -0.08578111499727607, -0.08285941064693104], [-3.44474637201641e-08, -0.6947520725554153, 0.7192493014803376]], "fy": 711.0720828906539, "fx": 711.103633635468}, {"id": 1, "img_name": "frame_0002", "width": 1280, "height": 720, "position": [2.0098933810035486, -0.15906965815406696, -5.0391713671694545], "rotation": [[0.07889677084035594, -0.925550101925475, -0.3703137971730283], [0.9968827912803722, 0.07325130398016753, 0.029307796134457324], [1.348253136041997e-07, -0.3714717422509383, 0.9284442604211813]], "fy": 711.0720828906539, "fx": 711.103633635468}, {"id": 2, "img_name": "frame_0003", "width": 1280, "height": 720, "position": [0.20660673998614146, -2.5199849208313045, 12.702405096349876], "rotation": [[0.9966558914950042, 0.08014088669243351, -0.015952185695031026], [0.08171311980519447, -0.9774793157017998, 0.19456914818861482], [1.2501700121757119e-08, -0.1952219907062003, -0.9807590806842974]], "fy": 711.0720828906539, "fx": 711.103633635468}, {"id": 3, "img_name": "frame_0004", "width": 1280, "height": 720, "position": [2.086258449100552, 13.771496826136188, 2.164832061537625], "rotation": [[-0.9887190344668338, 0.023003405601421147, -0.1480051154984463], [0.14978207797654533, 0.1518466690988044, -0.9769892108926415], [4.711647109547389e-09, -0.9881363430288023, -0.15357918994989295]], "fy": 711.0720828906539, "fx": 711.103633635468}, {"id": 4, "img_name": "frame_0005", "width": 1280, "height": 720, "position": [4.8393388866379645, 5.649530487048305, -9.568838391346288], "rotation": [[-0.7594633944962478, -0.513606468239582, -0.3992790355161411], [0.6505500383676983, -0.5995929538465162, -0.46612545229518987], [1.5099579909679834e-07, -0.6137562101356469, 0.7894956076634655]], "fy": 711.0720828906539, "fx": 711.103633635468}, {"id": 5, "img_name": "frame_0006", "width": 1280, "height": 720, "position": [-0.5694088979665045, 5.484891554035526, 2.931045564863621], "rotation": [[-0.9946544867351955, -0.048464401152856815, 0.09117924017252867], [-0.10325914980060685, 0.46683818121364423, -0.8782936072541986], [2.3065371833681383e-08, -0.883013767945909, -0.4693470843820889]], "fy": 711.0720828906539, "fx": 711.103633635468}, {"id": 6, "img_name": "frame_0007", "width": 1280, "height": 720, "position": [-5.675821292908432, 7.890569946942349, 14.673012135444184], "rotation": [[-0.811797240544567, -0.48681617089235457, 0.32248295459129583], [-0.583939414874709, 0.6767758172981251, -0.448318249546276], [-9.157295715518207e-08, -0.5522540256785463, -0.8336758909323398]], "fy": 711.0720828906539, "fx": 711.103633635468}, {"id": 7, "img_name": "frame_0008", "width": 1280, "height": 720, "position": [-4.385210234663286, 10.623825106702416, -6.021508177541074], "rotation": [[-0.9243502127867445, 0.1770674755590957, 0.3379701069920673], [-0.3815451272406418, -0.4289728285757148, -0.8187830165695137], [1.5099579905174392e-07, -0.8857931030680242, 0.464080357866068]], "fy": 711.0720828906539, "fx": 711.103633635468}, {"id": 8, "img_name": "frame_0009", "width": 1280, "height": 720, "position": [-1.2559965933903015, 0.4530782573910324, -2.812437909025648], "rotation": [[-0.33932934345354593, 0.8497647574483557, 0.4034296142701004], [-0.9406676334770819, -0.3065377741567698, -0.14553005305997405], [1.0574732571441037e-07, -0.4288757978876282, 0.9033634650495002]], "fy": 711.0720828906539, "fx": 711.103633635468}, {"id": 9, "img_name": "frame_0010", "width": 1280, "height": 720, "position": [-2.561930768505315, 9.657215262793327, 5.976675447406564], "rotation": [[-0.9665662372364808, -0.1316325279648872, 0.22005132723090826], [-0.2564170607321361, 0.4961900930103801, -0.8294851912866453], [-5.588726282798634e-08, -0.8581772947240703, -0.5133534170725595]], "fy": 711.0720828906539, "fx": 711.103633635468}, {"id": 10, "img_name": "frame_0011", "width": 1280, "height": 720, "position": [-10.059862548021385, -6.852765975252373, -3.6783891572735143], "rotation": [[0.5629872305621572, 0.239077424365959, 0.7911304338618832], [-0.8264655940956962, 0.1628592153635426, 0.5389169673959231], [-1.1968342502202478e-09, -0.9572454550060345, 0.2892769241925281]], "fy": 711.0720828906539, "fx": 711.103633635468}, {"id": 11, "img_name": "frame_0012", "width": 1280, "height": 720, "position": [1.2570560091494278, 2.5587289957916997, 5.0866591981833285], "rotation": [[-0.8975353540128836, 0.3846504799491918, -0.21557897989327376], [0.440942499989475, 0.7829533379944854, -0.43880950562439397], [-5.03580599131011e-09, -0.4889049793141297, -0.8723370456433972]], "fy": 711.0720828906539, "fx": 711.103633635468}, {"id": 12, "img_name": "frame_0013", "width": 1280, "height": 720, "position": [-15.569162617540808, 0.5919691113860217, -5.632953157204929], "rotation": [[-0.0379944603146314, 0.33975635906344115, 0.9397457302171444], [-0.9992779498144445, -0.012917998542703132, -0.03573099954228756], [-2.0033672842050278e-07, -0.9404247666823778, 0.3400018503043112]], "fy": 711.0720828906539, "fx": 711.103633635468}, {"id": 13, "img_name": "frame_0014", "width": 1280, "height": 720, "position": [0.7414421387847994, 8.322241898784727, -8.35475717136623], "rotation": [[-0.9960548153473392, -0.06274693358512135, -0.06275051512969006], [0.08874009704386339, -0.704298216936437, -0.7043360112877948], [-1.5099579909529486e-07, -0.7071257624679074, 0.7070877993956323]], "fy": 711.0720828906539, "fx": 711.103633635468}, {"id": 14, "img_name": "frame_0015", "width": 1280, "height": 720, "position": [-6.978077300105774, -9.205991571155117, -6.475151024211989], "rotation": [[0.7969320180520802, 0.2953636882271151, 0.5269341991940876], [-0.6040690015250234, 0.38966536751688385, 0.6951701538145126], [1.2189886434827985e-08, -0.8723079691455348, 0.4889568559343374]], "fy": 711.0720828906539, "fx": 711.103633635468}, {"id": 15, "img_name": "frame_0016", "width": 1280, "height": 720, "position": [9.072663498802095, -1.1184395201797297, -2.7855908635915387], "rotation": [[0.12234945432514818, -0.2893015608264957, -0.949386758876324], [0.9924870835564152, 0.035663961258312074, 0.11703619457691872], [1.3882342344892222e-07, -0.9565734100270188, 0.2914915285720356]], "fy": 711.0720828906539, "fx": 711.103633635468}, {"id": 16, "img_name": "frame_0017", "width": 1280, "height": 720, "position": [-3.0762443394360535, -4.255756241798483, 8.793506275291993], "rotation": [[0.8104402364053851, -0.5029659050090736, 0.30035299501351276], [-0.5858213236262204, -0.6958158553995711, 0.4155161515024252], [-8.103915410248468e-08, -0.5127041971477968, -0.8585653185559189]], "fy": 711.0720828906539, "fx": 711.103633635468}, {"id": 17, "img_name": "frame_0018", "width": 1280, "height": 720, "position": [9.169626256416558, -8.705199558780139, 8.36855355361064], "rotation": [[0.6885022165204603, 0.40027975677554384, -0.6047650900656589], [0.7252342365376946, -0.3800062106556601, 0.574134637534362], [-1.7144010586798748e-08, -0.8338893189019976, -0.5519317021345685]], "fy": 711.0720828906539, "fx": 711.103633635468}, {"id": 18, "img_name": "frame_0019", "width": 1280, "height": 720, "position": [19.602684344121048, -12.39482291939797, 6.815961729880497], "rotation": [[0.5344299798614514, 0.2383170301397814, -0.8109189785488086], [0.8452127522850567, -0.1506883087111, 0.512745977061261], [8.90901072355934e-08, -0.9594258839343155, -0.2819609427506746]], "fy": 711.0720828906539, "fx": 711.103633635468}, {"id": 19, "img_name": "frame_0020", "width": 1280, "height": 720, "position": [-6.870672084259791, -10.630250413442704, -1.827542043149783], "rotation": [[0.8398483940022703, 0.07757127950184249, 0.5372498224180761], [-0.5428210341280146, 0.12001765882967826, 0.8312286607650359], [4.8808691478475235e-09, -0.9897365599822457, 0.14290396017784113]], "fy": 711.0720828906539, "fx": 711.103633635468}, {"id": 20, "img_name": "frame_0021", "width": 1280, "height": 720, "position": [-1.3870045043821624, 11.006671352226455, 2.37961618349942], "rotation": [[-0.9921534448770092, -0.026221867577156548, 0.12224547222473486], [-0.12502616453638846, 0.20808500056034993, -0.9700871562509827], [4.7793129473299096e-08, -0.9777591964295529, -0.20973066966333814]], "fy": 711.0720828906539, "fx": 711.103633635468}, {"id": 21, "img_name": "frame_0022", "width": 1280, "height": 720, "position": [-4.970135015161958, -3.9184955554720218, 7.996318125641655], "rotation": [[0.6191286726028016, -0.615754321445437, 0.48736670216825667], [-0.7852895559989905, -0.4854656886028515, 0.38424390486807675], [-3.324137409909319e-08, -0.6206203999310921, -0.7841111650712356]], "fy": 711.0720828906539, "fx": 711.103633635468}, {"id": 22, "img_name": "frame_0023", "width": 1280, "height": 720, "position": [-8.15100033602524, 14.707131307163728, -0.2793619759833241], "rotation": [[-0.8746524616269328, 0.008052770644811868, 0.4846836331617649], [-0.48475052487841663, -0.014529456122245571, -0.8745317738852552], [-2.1421550388387855e-07, -0.9998620143748504, 0.01661180936022107]], "fy": 711.0720828906539, "fx": 711.103633635468}, {"id": 23, "img_name": "frame_0024", "width": 1280, "height": 720, "position": [6.451500467899668, -0.3526847352131679, -6.11484402260184], "rotation": [[0.05458544957189101, -0.6863507458224796, -0.7252193339976263], [0.998509102960526, 0.03752069921663301, 0.03964553487166556], [-5.930687028415494e-09, -0.7263021759840879, 0.6873755517624838]], "fy": 711.0720828906539, "fx": 711.103633635468}, {"id": 24, "img_name": "frame_0025", "width": 1280, "height": 720, "position": [9.969903420523362, -4.72888161815188, 1.1615743713116577], "rotation": [[0.42855231118133924, 0.09458781052203359, -0.8985522036486139], [0.9035169708318335, -0.04486448849698294, 0.42619744378723257], [-1.9466102646244203e-09, -0.994505064729462, -0.10468847227583378]], "fy": 711.0720828906539, "fx": 711.103633635468}, {"id": 25, "img_name": "frame_0026", "width": 1280, "height": 720, "position": [-6.540620240838688, -0.8937858983561934, -2.838576285209487], "rotation": [[0.1353928709604365, 0.3913871682757107, 0.9102114342295482], [-0.9907919915366106, 0.05348359081974136, 0.12438140946276367], [-8.827201037124515e-08, -0.9186705557609577, 0.39502456882812387]], "fy": 711.0720828906539, "fx": 711.103633635468}, {"id": 26, "img_name": "frame_0027", "width": 1280, "height": 720, "position": [18.204387858777718, -3.4219721300244172, 7.306163661353877], "rotation": [[0.18473941567250352, 0.3606061137998387, -0.9142398913781653], [0.982787539754638, -0.06778499098076067, 0.17185414368226312], [-8.789766059157769e-08, -0.9302518076778544, -0.3669217550269761]], "fy": 711.0720828906539, "fx": 711.103633635468}, {"id": 27, "img_name": "frame_0028", "width": 1280, "height": 720, "position": [-15.536261165931311, 11.594863519212941, 9.847013059097693], "rotation": [[-0.598105547599026, -0.36293910777524424, 0.7145242878857081], [-0.8014173406729256, 0.27086490763390314, -0.533256456014564], [6.712097207552356e-08, -0.8915757992788874, -0.4528714984851757]], "fy": 711.0720828906539, "fx": 711.103633635468}, {"id": 28, "img_name": "frame_0029", "width": 1280, "height": 720, "position": [7.062791248533907, 0.8787213979698504, -4.182768921866823], "rotation": [[-0.12346386027176813, -0.5027975433388497, -0.8555415276999774], [0.9923490692325863, -0.06255603493879199, -0.10644278879264715], [-1.129873081616188e-07, -0.8621376763053303, 0.5066740837015773]], "fy": 711.0720828906539, "fx": 711.103633635468}, {"id": 29, "img_name": "frame_0030", "width": 1280, "height": 720, "position": [6.533000550198909, -8.107270593004637, 1.1477288700088186], "rotation": [[0.7786533189900133, 0.06874918251584526, -0.6236766459706823], [0.6274543878449059, -0.08531597585061904, 0.7739652288306179], [-1.0488843581410181e-07, -0.9939792423225241, -0.10956854398927368]], "fy": 711.0720828906539, "fx": 711.103633635468}, {"id": 30, "img_name": "frame_0031", "width": 1280, "height": 720, "position": [8.048860502185986, 14.869114908597304, 0.19899811020659658], "rotation": [[-0.8794217618076178, 0.005602567691629655, -0.4760104789754595], [0.4760434484993589, 0.01034961343305224, -0.8793608591713784], [-1.5429139923024077e-07, -0.9999307459704632, -0.01176874092369701]], "fy": 711.0720828906539, "fx": 711.103633635468}, {"id": 31, "img_name": "frame_0032", "width": 1280, "height": 720, "position": [-9.489730431551864, -3.7288752339971722, 12.11785452398188], "rotation": [[0.36571735380517034, -0.7121675451961532, 0.5992230008060682], [-0.9307259624216677, -0.27983745967991025, 0.23545738262826854], [-6.385734256883821e-08, -0.6438232550391293, -0.7651742391578641]], "fy": 711.0720828906539, "fx": 711.103633635468}, {"id": 32, "img_name": "frame_0033", "width": 1280, "height": 720, "position": [7.950061832968243, 2.247108275575279, -10.040968149809443], "rotation": [[-0.27199655339076134, -0.7430992792759501, -0.6114093032356558], [0.9622982255743522, -0.21003929436331817, -0.17281672338003837], [3.971752542930901e-09, -0.6353636407309776, 0.7722130820162767]], "fy": 711.0720828906539, "fx": 711.103633635468}, {"id": 33, "img_name": "frame_0034", "width": 1280, "height": 720, "position": [6.336015298231145, 8.072607892500486, 6.339854871776858], "rotation": [[-0.7866376986497772, 0.3245010286034689, -0.5252620426970452], [0.6174148775847397, 0.4134412633039142, -0.6692273087185581], [5.2449557491362546e-08, -0.8507440297956573, -0.5255802467435803]], "fy": 711.0720828906539, "fx": 711.103633635468}, {"id": 34, "img_name": "frame_0035", "width": 1280, "height": 720, "position": [-0.43704823796376935, 12.62057521446175, 5.620684755388145], "rotation": [[-0.9994009293470639, -0.014073079320707036, 0.03161852081702833], [-0.03460899334304786, 0.40638890033649683, -0.913044511107248], [-6.807695028740406e-08, -0.9135918181122933, -0.4066324997811525]], "fy": 711.0720828906539, "fx": 711.103633635468}, {"id": 35, "img_name": "frame_0036", "width": 1280, "height": 720, "position": [-5.934868489636557, -10.243652045134134, 10.876373117749418], "rotation": [[0.8652675448076705, -0.33915801818044883, 0.36916651338713796], [-0.5013103588621575, -0.5853906739938098, 0.6371857522721046], [-2.2865783828174687e-08, -0.7364031487609103, -0.6765429790449501]], "fy": 711.0720828906539, "fx": 711.103633635468}, {"id": 36, "img_name": "frame_0037", "width": 1280, "height": 720, "position": [-2.848174731136071, -14.197587717447039, 7.883334287542746], "rotation": [[0.9804655351366344, -0.09404703072930502, 0.17274979137537128], [-0.19669096168668415, -0.468805942732263, 0.8611234833922955], [2.2098211296495868e-08, -0.8782802195597456, -0.4781462704341467]], "fy": 711.0720828906539, "fx": 711.103633635468}, {"id": 37, "img_name": "frame_0038", "width": 1280, "height": 720, "position": [-6.61974661802254, 7.481337533275207, -11.411819226174826], "rotation": [[-0.7489150720124104, 0.4986154949724398, 0.4364731413111632], [-0.6626659904602189, -0.5635124862967261, -0.49328233586360937], [-1.509957989403711e-07, -0.6586624825819902, 0.7524385250895294]], "fy": 711.0720828906539, "fx": 711.103633635468}, {"id": 38, "img_name": "frame_0039", "width": 1280, "height": 720, "position": [6.860245293822727, 1.4827179970041047, 14.503316217036918], "rotation": [[-0.21125402923554268, 0.879821995108693, -0.42577575324894607], [0.9774311920190331, 0.1901575588156321, -0.09202373440331424], [-2.7759369924657276e-08, -0.4356068867089205, -0.9001370119330506]], "fy": 711.0720828906539, "fx": 711.103633635468}, {"id": 39, "img_name": "frame_0040", "width": 1280, "height": 720, "position": [2.692383160832248, -7.137671850177462, 8.403424742759439], "rotation": [[0.9356483786692742, 0.2613182943526796, -0.23722322932243517], [0.352933579436071, -0.6927706294552147, 0.6288932687433283], [3.041878572601474e-08, -0.6721470107058662, -0.7404177172374842]], "fy": 711.0720828906539, "fx": 711.103633635468}, {"id": 40, "img_name": "frame_0041", "width": 1280, "height": 720, "position": [-8.290371671764474, 8.499495119670234, 5.153261905426987], "rotation": [[-0.7158583853083996, -0.27800119728883776, 0.6405170618255405], [-0.6982454956414963, 0.285013780026796, -0.656673718836987], [-1.0889775819186863e-07, -0.9173235413423171, -0.39814258815049935]], "fy": 711.0720828906539, "fx": 711.103633635468}, {"id": 41, "img_name": "frame_0042", "width": 1280, "height": 720, "position": [4.518485677815621, 3.692947309512134, -5.821712542875571], "rotation": [[-0.6328276209998396, -0.5468537085751302, -0.5481607642994074], [0.7742927108656416, -0.4469421290151844, -0.4480106373867815], [1.3949750154509396e-07, -0.7079503900196689, 0.7062621646888493]], "fy": 711.0720828906539, "fx": 711.103633635468}, {"id": 42, "img_name": "frame_0043", "width": 1280, "height": 720, "position": [3.4889193654830652, -6.077942510436202, 6.987295980839806], "rotation": [[0.8672696907066475, 0.35150051418091743, -0.35254882230996953], [0.4978386119834375, -0.6123385051170533, 0.6141646941736528], [-1.3040259571903182e-08, -0.7081588407141175, -0.7060531540319303]], "fy": 711.0720828906539, "fx": 711.103633635468}, {"id": 43, "img_name": "frame_0044", "width": 1280, "height": 720, "position": [0.7147873544313212, 20.725074707571384, 6.30343392338314], "rotation": [[-0.9994057878013151, 0.010024203458437313, -0.032978578717948556], [0.034468410308882605, 0.29065295825877613, -0.9562075018248916], [1.0291676488066725e-07, -0.9567760308454877, -0.2908257670832198]], "fy": 711.0720828906539, "fx": 711.103633635468}, {"id": 44, "img_name": "frame_0045", "width": 1280, "height": 720, "position": [-3.3458407846860805, -7.364993311831631, -3.746621956651251], "rotation": [[0.9104542037874711, 0.17382634999724683, 0.375309929061778], [-0.41360989205496745, 0.38263329172983895, 0.8261468521118179], [1.8288512102131414e-08, -0.9074007736973904, 0.42026638682314]], "fy": 711.0720828906539, "fx": 711.103633635468}, {"id": 45, "img_name": "frame_0046", "width": 1280, "height": 720, "position": [2.6004624787964437, -0.0891964015213618, 12.500961023144173], "rotation": [[0.03427997634862267, 0.9784421440384039, -0.20365621520363533], [0.9994122688968428, -0.03356068689360116, 0.00698549022580974], [5.556131553481164e-08, -0.20377598255133314, -0.9790175427106684]], "fy": 711.0720828906539, "fx": 711.103633635468}, {"id": 46, "img_name": "frame_0047", "width": 1280, "height": 720, "position": [-10.746153187549272, 2.449567559929937, -0.3603705951625739], "rotation": [[-0.22224747395319255, 0.03186151031065558, 0.9744695503103976], [-0.9749902872959417, -0.007262742236015946, -0.22212877403386902], [-3.706342239129266e-08, -0.9994659057396289, 0.03267878920739658]], "fy": 711.0720828906539, "fx": 711.103633635468}, {"id": 47, "img_name": "frame_0048", "width": 1280, "height": 720, "position": [1.3798151761568431, -6.965295555536875, -6.007661035098742], "rotation": [[0.9809377250103609, -0.12551392173894166, -0.14834903134570207], [0.19432236014287446, 0.633593340640027, 0.7488646733857285], [1.634264099634163e-08, -0.7634171429476294, 0.6459057716522421]], "fy": 711.0720828906539, "fx": 711.103633635468}, {"id": 48, "img_name": "frame_0049", "width": 1280, "height": 720, "position": [-15.790547858443622, 8.327740700477424, 4.871012301180148], "rotation": [[-0.4664887039507041, -0.2328364323102299, 0.8533319898348095], [-0.8845271556523157, 0.12279492491030052, -0.45003679552887343], [1.2426394885061712e-07, -0.9647323992721076, -0.26323259257673043]], "fy": 711.0720828906539, "fx": 711.103633635468}, {"id": 49, "img_name": "frame_0050", "width": 1280, "height": 720, "position": [1.2514448259863717, -7.727667766778272, 9.783541176563482], "rotation": [[0.9871395736397788, 0.12482087293141009, -0.09987598227259763], [0.1598607586441256, -0.7707684463169234, 0.616733767526897], [-8.451642039456719e-09, -0.6247685586221803, -0.7808099949137198]], "fy": 711.0720828906539, "fx": 711.103633635468}, {"id": 50, "img_name": "frame_0051", "width": 1280, "height": 720, "position": [-1.6572440458656623, 0.7137214158589575, 2.5291991479931357], "rotation": [[-0.39554524471367264, -0.7476741118808967, 0.5334110814442393], [-0.9184464923904869, 0.32199916372307025, -0.22972283120589987], [-1.0834502720113627e-07, -0.5807753102403336, -0.8140639035206221]], "fy": 711.0720828906539, "fx": 711.103633635468}, {"id": 51, "img_name": "frame_0052", "width": 1280, "height": 720, "position": [3.077623293296315, 4.000196045525733, 13.639147624268391], "rotation": [[-0.7925713860023222, 0.5718800411530666, -0.2116218717928865], [0.6097791387792433, 0.7433113264517164, -0.2750594006359975], [-4.7126686532176165e-08, -0.34704681312375835, -0.9378478072164165]], "fy": 711.0720828906539, "fx": 711.103633635468}, {"id": 52, "img_name": "frame_0053", "width": 1280, "height": 720, "position": [-4.6635203157695635, 1.0925932989686917, -7.37043333506969], "rotation": [[-0.22810827751978008, 0.8163884277827412, 0.5305436350663184], [-0.9736357705666642, -0.19126765361682904, -0.12429831436093912], [1.307833058993716e-07, -0.5449097353345198, 0.8384947109777414]], "fy": 711.0720828906539, "fx": 711.103633635468}, {"id": 53, "img_name": "frame_0054", "width": 1280, "height": 720, "position": [-2.7364329506925453, 5.470302360992811, -4.949164350168976], "rotation": [[-0.894343357717083, 0.28141141646872747, 0.347789553017911], [-0.4473812227924985, -0.562558956209673, -0.6952535237458147], [-1.5099579903724827e-07, -0.777389886395075, 0.6290190494179247]], "fy": 711.0720828906539, "fx": 711.103633635468}, {"id": 54, "img_name": "frame_0055", "width": 1280, "height": 720, "position": [-4.1417836092776525, 6.402993407048967, -4.558303485992371], "rotation": [[-0.8396495981724889, 0.2786649443632776, 0.4661913781611471], [-0.5431284859853762, -0.4308019631845473, -0.7207087596439863], [-1.0547678642098427e-07, -0.8583446378345657, 0.5130735646090503]], "fy": 711.0720828906539, "fx": 711.103633635468}, {"id": 55, "img_name": "frame_0056", "width": 1280, "height": 720, "position": [-6.526739326118819, -13.846774505667526, -6.116157934392736], "rotation": [[0.904551443707225, 0.1581918013187328, 0.39593186242421746], [-0.4263644986243253, 0.33561112806725824, 0.8399871933727622], [-5.178165809228954e-08, -0.9286229184728088, 0.37102489847318915]], "fy": 711.0720828906539, "fx": 711.103633635468}, {"id": 56, "img_name": "frame_0057", "width": 1280, "height": 720, "position": [6.36355702083473, -16.380498655148187, -8.641980463139975], "rotation": [[0.9321322096657865, -0.1598016243799111, -0.32495074172729643], [0.36211813501062956, 0.41134698715598544, 0.8364592712464348], [-4.168919085067672e-08, -0.8973611853669821, 0.4412968422691952]], "fy": 711.0720828906539, "fx": 711.103633635468}, {"id": 57, "img_name": "frame_0058", "width": 1280, "height": 720, "position": [-1.6293379432178805, -11.345425408686564, 8.11862658619345], "rotation": [[0.9898446337285451, -0.08216605015298278, 0.1160014710297235], [-0.14215344202235208, -0.5721396313758267, 0.8077429301023507], [-7.23150734958592e-09, -0.8160300131805145, -0.5780095307074177]], "fy": 711.0720828906539, "fx": 711.103633635468}, {"id": 58, "img_name": "frame_0059", "width": 1280, "height": 720, "position": [-6.012953765708459, 2.2416457726407337, -6.539834810923821], "rotation": [[-0.3493177806979264, 0.6688026866050759, 0.6562621842511632], [-0.937004315938979, -0.2493314949387642, -0.24465632536954007], [2.3769047332181345e-08, -0.7003833036426792, 0.7137669283306461]], "fy": 711.0720828906539, "fx": 711.103633635468}, {"id": 59, "img_name": "frame_0060", "width": 1280, "height": 720, "position": [-13.140661280935442, -8.482135447671048, 0.025496927220226884], "rotation": [[0.5423204125125792, -0.0013695251761766387, 0.8401706342005638], [-0.8401717504011803, -0.0008839553455065695, 0.5423196921104408], [-4.714864218916653e-08, -0.9999986715109869, -0.0016300233921045253]], "fy": 711.0720828906539, "fx": 711.103633635468}, {"id": 60, "img_name": "frame_0061", "width": 1280, "height": 720, "position": [5.284811266657908, -6.516476609090434, -11.155923100481079], "rotation": [[0.7766867654012408, -0.503407789459666, -0.37860040406989864], [0.6298870283237762, 0.6207306384995058, 0.4668359518904237], [1.5973021877972103e-08, -0.6010607888885519, 0.7992033083394184]], "fy": 711.0720828906539, "fx": 711.103633635468}, {"id": 61, "img_name": "frame_0062", "width": 1280, "height": 720, "position": [-16.397690693607412, 3.699219798365575, 5.142465593661653], "rotation": [[-0.22006381001140898, -0.28536667203506727, 0.9328117612974727], [-0.9754854788889774, 0.06437697893353785, -0.21043689092013676], [7.212928211325606e-08, -0.9562538716653758, -0.29253808799021985]], "fy": 711.0720828906539, "fx": 711.103633635468}, {"id": 62, "img_name": "frame_0063", "width": 1280, "height": 720, "position": [12.549010274168376, -0.4824378411656093, 6.474418522823182], "rotation": [[0.03841570837606333, 0.457897972477239, -0.8881743523380974], [0.9992618442380174, -0.01760350177373374, 0.034145034417001556], [-3.6757058127593716e-08, -0.888830447006928, -0.4582362234409918]], "fy": 711.0720828906539, "fx": 711.103633635468}, {"id": 63, "img_name": "frame_0064", "width": 1280, "height": 720, "position": [-7.533065003197513, 4.41995053661809, 1.2990060913058123], "rotation": [[-0.5060618292147734, -0.12688309018263885, 0.8531131850097626], [-0.8624972029008466, 0.07444728619346654, -0.5005558675778794], [1.1384749165718173e-07, -0.9891199537994025, -0.14711124020908325]], "fy": 711.0720828906539, "fx": 711.103633635468}, {"id": 64, "img_name": "frame_0065", "width": 1280, "height": 720, "position": [-2.3509074653056423, -8.833653471794877, 4.560715174938835], "rotation": [[0.966363703923308, -0.11481563174195913, 0.23012727445333442], [-0.2571792988162628, -0.4314254168678873, 0.8647143562707543], [3.022213231878945e-08, -0.8948125392438712, -0.44644206747565196]], "fy": 711.0720828906539, "fx": 711.103633635468}, {"id": 65, "img_name": "frame_0066", "width": 1280, "height": 720, "position": [-6.2139529368921504, -3.7288877312269695, -5.289010126558038], "rotation": [[0.514548019109168, 0.5054919560572535, 0.6926169348147955], [-0.8574615653373711, 0.3033369559893051, 0.4156276640219315], [1.282045901966373e-07, -0.8077527923149225, 0.5895213537332041]], "fy": 711.0720828906539, "fx": 711.103633635468}, {"id": 66, "img_name": "frame_0067", "width": 1280, "height": 720, "position": [-9.669690724230263, 1.5495560345926578, 4.898653025316513], "rotation": [[-0.1582299893753452, -0.44173284399315615, 0.8830828754992344], [-0.987402284007013, 0.0707872390325112, -0.14151288396428083], [-1.0989826637336522e-07, -0.8943496303615673, -0.44736868315978034]], "fy": 711.0720828906539, "fx": 711.103633635468}, {"id": 67, "img_name": "frame_0068", "width": 1280, "height": 720, "position": [9.899556581724683, 12.805535715752407, 8.509459870786191], "rotation": [[-0.7911543895709361, 0.2846112306542203, -0.5413604891826975], [0.6116164908360773, 0.3681578081727747, -0.7002750148468678], [-4.264312642648219e-08, -0.8851306545741756, -0.4653425881359769]], "fy": 711.0720828906539, "fx": 711.103633635468}, {"id": 68, "img_name": "frame_0069", "width": 1280, "height": 720, "position": [1.3003261483536284, -9.991075752105074, -3.2794742688177196], "rotation": [[0.9916367477635263, -0.03994570875609058, -0.12272286191639326], [0.12906029786489817, 0.30692358426684246, 0.9429429213562285], [1.734075105641578e-08, -0.9508955009740913, 0.30951210998478174]], "fy": 711.0720828906539, "fx": 711.103633635468}, {"id": 69, "img_name": "frame_0070", "width": 1280, "height": 720, "position": [4.277956600290501, -3.7180097778085033, 8.717018788365108], "rotation": [[0.6559824745420016, 0.6327779911637277, -0.411435301101582], [0.7547761211735134, -0.5499527450129281, 0.357582137639747], [1.334956750626826e-07, -0.5451091561802487, -0.838365080289273]], "fy": 711.0720828906539, "fx": 711.103633635468}, {"id": 70, "img_name": "frame_0071", "width": 1280, "height": 720, "position": [-5.213211769472718, -3.8255886656693985, -1.8073373177169052], "rotation": [[0.5916217155701069, 0.21702136122413976, 0.7764570010234342], [-0.8062156942567438, 0.15925581685312803, 0.569784028499009], [1.1519311882848311e-08, -0.9630884245856476, 0.26918522698902964]], "fy": 711.0720828906539, "fx": 711.103633635468}, {"id": 71, "img_name": "frame_0072", "width": 1280, "height": 720, "position": [2.5535340787429255, 2.2000069536498135, -5.140212048159786], "rotation": [[-0.6527158469397296, -0.6335460631704536, -0.4154291864986984], [0.7576028135862112, -0.5458341756970753, -0.35791483552285247], [8.74227799139748e-08, -0.5483470055378374, 0.8362508962731694]], "fy": 711.0720828906539, "fx": 711.103633635468}, {"id": 72, "img_name": "frame_0073", "width": 1280, "height": 720, "position": [2.0321512241846653, 3.4187167733480956, 9.629807382996635], "rotation": [[-0.8596020151147211, 0.47227202624695686, -0.19504745277830243], [0.5109641627459834, 0.794509642999838, -0.3281311499531342], [-8.098819391756779e-08, -0.381724456126227, -0.9242761706303636]], "fy": 711.0720828906539, "fx": 711.103633635468}, {"id": 73, "img_name": "frame_0074", "width": 1280, "height": 720, "position": [-0.7331271820851853, -15.387404396578088, 5.541248965211837], "rotation": [[0.9988669234477165, -0.016108287074564482, 0.04478160704593924], [-0.04759064237950027, -0.33809246954600647, 0.939908832171604], [2.823861600485137e-09, -0.9409750289586888, -0.3384759886257722]], "fy": 711.0720828906539, "fx": 711.103633635468}, {"id": 74, "img_name": "frame_0075", "width": 1280, "height": 720, "position": [0.07644805135232245, 1.8218588700666467, -11.550535318459634], "rotation": [[-0.999120777371029, -0.04141175094549279, -0.006537515517347205], [0.041924601673759956, -0.9868985157322464, -0.1558000238125336], [8.742278000300737e-08, -0.15593712364000417, 0.9877669833877191]], "fy": 711.0720828906539, "fx": 711.103633635468}, {"id": 75, "img_name": "frame_0076", "width": 1280, "height": 720, "position": [0.7452397792065107, -9.602203945245227, 11.203531018756449], "rotation": [[0.9970017790319715, 0.05867756054075474, -0.05044201122150247], [0.07737863146298182, -0.7560438772897629, 0.6499309217182836], [-1.2735765336557004e-08, -0.6518854189975781, -0.7583174800163528]], "fy": 711.0720828906539, "fx": 711.103633635468}, {"id": 76, "img_name": "frame_0077", "width": 1280, "height": 720, "position": [-3.3544175864449506, 8.187194559191067, 6.602715992608043], "rotation": [[-0.925344442496076, -0.22674867704123644, 0.30384650763448817], [-0.379127501958922, 0.5534304972942334, -0.7416043567314349], [-1.1704440082351039e-07, -0.8014360374507167, -0.5980804944781926]], "fy": 711.0720828906539, "fx": 711.103633635468}, {"id": 77, "img_name": "frame_0078", "width": 1280, "height": 720, "position": [-6.306146536082129, -3.3935929808577145, 9.329963326795015], "rotation": [[0.47388066318936994, -0.6985406141933052, 0.5361698680247172], [-0.8805890738904179, -0.37591291475182725, 0.28853485659032835], [-1.380475110286058e-07, -0.6088764167261079, -0.793265093871371]], "fy": 711.0720828906539, "fx": 711.103633635468}, {"id": 78, "img_name": "frame_0079", "width": 1280, "height": 720, "position": [-1.5250889762417572, -3.595800223372716, 12.941792429509452], "rotation": [[0.9206187494115917, -0.373809579724723, 0.11281629464692892], [-0.39046269761891056, -0.8813546340913905, 0.26599415545044214], [6.299281227022807e-10, -0.28892976148478833, -0.9573502979204336]], "fy": 711.0720828906539, "fx": 711.103633635468}, {"id": 79, "img_name": "frame_0080", "width": 1280, "height": 720, "position": [-10.35165490079605, 5.5238130028254115, -1.8080028239337647], "rotation": [[-0.4707825441392389, 0.1343618565061017, 0.8719579620887803], [-0.8822492823084458, -0.07169751953451876, -0.4652909515118787], [-1.3304048688002543e-07, -0.9883351441736911, 0.15229459212707244]], "fy": 711.0720828906539, "fx": 711.103633635468}, {"id": 80, "img_name": "frame_0081", "width": 1280, "height": 720, "position": [-6.662786960033619, -2.795419421515824, 8.413541818717642], "rotation": [[0.38688517604684003, -0.6995627314105528, 0.600776035954009], [-0.9221278981546988, -0.29350637408420976, 0.25205980999901056], [-5.321218676633898e-08, -0.6515105472617823, -0.7586395763514122]], "fy": 711.0720828906539, "fx": 711.103633635468}, {"id": 81, "img_name": "frame_0082", "width": 1280, "height": 720, "position": [-6.4852477838653915, -6.930639653132752, -5.796067480865331], "rotation": [[0.730179547679841, 0.3560862427359671, 0.5831298447895157], [-0.6832553169570336, 0.3805412355637405, 0.6231777755067692], [8.100646881989886e-08, -0.8534582331724286, 0.5211612459020623]], "fy": 711.0720828906539, "fx": 711.103633635468}, {"id": 82, "img_name": "frame_0083", "width": 1280, "height": 720, "position": [-4.07489721537077, -11.82279380063192, 10.132587208586672], "rotation": [[0.9454204775907293, -0.20513889110630187, 0.2531761361341031], [-0.3258529124499512, -0.595184116156376, 0.7345581987310723], [-3.952387216602772e-08, -0.7769645443846392, -0.6295443564747188]], "fy": 711.0720828906539, "fx": 711.103633635468}, {"id": 83, "img_name": "frame_0084", "width": 1280, "height": 720, "position": [11.456114724310769, 17.329195651108684, 0.5254551707663228], "rotation": [[-0.8341920736151314, 0.013944628562113828, -0.5512976797084778], [0.5514740105550636, 0.021093440591763053, -0.8339253458471656], [-1.4341063500776702e-08, -0.9996802559309981, -0.025286081185769697]], "fy": 711.0720828906539, "fx": 711.103633635468}, {"id": 84, "img_name": "frame_0085", "width": 1280, "height": 720, "position": [-0.00975292521454918, -5.249764058580723, 7.34689966735673], "rotation": [[0.9999982743243527, -0.0015115447291593454, 0.0010800837228421847], [-0.0018577804812727557, -0.8136279335299444, 0.5813829498974624], [-4.608520507093e-11, -0.5813839531775225, -0.8136293375903282]], "fy": 711.0720828906539, "fx": 711.103633635468}, {"id": 85, "img_name": "frame_0086", "width": 1280, "height": 720, "position": [-7.867446640874499, 6.054120739792001, -6.492747140513015], "rotation": [[-0.6098522746029514, 0.43379186209269116, 0.6632532122378013], [-0.7925151122607053, -0.3338092518436058, -0.5103833659338971], [-9.212963183955415e-08, -0.8368966505882119, 0.5473609378045018]], "fy": 711.0720828906539, "fx": 711.103633635468}, {"id": 86, "img_name": "frame_0087", "width": 1280, "height": 720, "position": [-3.912519697692756, -6.9540817947103415, 7.443606226114122], "rotation": [[0.8715300540041627, -0.33448251067900175, 0.3585482045937099], [-0.4903420897368501, -0.5945065197639512, 0.637280654806541], [1.1853769546218382e-08, -0.7312205194112282, -0.6821411525424731]], "fy": 711.0720828906539, "fx": 711.103633635468}, {"id": 87, "img_name": "frame_0088", "width": 1280, "height": 720, "position": [-0.1913269464765658, -11.88644323198441, 2.6028091598255445], "rotation": [[0.9998704808115656, -0.00344218645614901, 0.015721735083942198], [-0.016094148056003125, -0.21385029837282057, 0.9767338574474659], [-2.3167283618120407e-09, -0.9768603796030711, -0.2138779997141905]], "fy": 711.0720828906539, "fx": 711.103633635468}, {"id": 88, "img_name": "frame_0089", "width": 1280, "height": 720, "position": [-0.9612269090243506, 17.234086069159567, -4.26278464342754], "rotation": [[-0.9984482109787854, 0.01335160782985943, 0.05406389332650258], [-0.055688149486574016, -0.23938729632656194, -0.9693258236342511], [1.509957991117386e-07, -0.9708323526365489, 0.23975934408102]], "fy": 711.0720828906539, "fx": 711.103633635468}, {"id": 89, "img_name": "frame_0090", "width": 1280, "height": 720, "position": [-7.266575664047323, -5.746451861657947, -3.417639280087741], "rotation": [[0.6202876849520581, 0.27147892341041646, 0.7358956325734904], [-0.7843743926829942, 0.21468704375798253, 0.5819504148513356], [1.4230472721255183e-08, -0.9381943654629242, 0.3461088450381187]], "fy": 711.0720828906539, "fx": 711.103633635468}, {"id": 90, "img_name": "frame_0091", "width": 1280, "height": 720, "position": [6.914270578116946, -13.1746938525455, -5.204912940522168], "rotation": [[0.8854655596184832, -0.1534450534241858, -0.43864035189341033], [0.46470500613779175, 0.29237963301183584, 0.8358010573517713], [-3.278655577593104e-08, -0.9439114183966167, 0.330198779859172]], "fy": 711.0720828906539, "fx": 711.103633635468}, {"id": 91, "img_name": "frame_0092", "width": 1280, "height": 720, "position": [-8.582043543413542, 5.170338115677824, -8.09402051146835], "rotation": [[-0.5160443847888101, 0.5382744982477531, 0.6663023018601], [-0.8565618441933641, -0.3242889666214158, -0.40142056897931466], [2.9574014532337276e-08, -0.7778799590320754, 0.628412897175301]], "fy": 711.0720828906539, "fx": 711.103633635468}, {"id": 92, "img_name": "frame_0093", "width": 1280, "height": 720, "position": [-1.0907318416900615, 10.598946798298467, -12.191037998675544], "rotation": [[-0.9947465147477793, 0.07707877077544316, 0.06736641962351807], [-0.10236880089723423, -0.7489955961877847, -0.6546191453770405], [-8.742278001597534e-08, -0.6580763329485806, 0.7529512202081494]], "fy": 711.0720828906539, "fx": 711.103633635468}, {"id": 93, "img_name": "frame_0094", "width": 1280, "height": 720, "position": [-8.466711874497813, -6.7627435653752475, -1.8625542208964363], "rotation": [[0.6240969089569982, 0.13236074288987867, 0.7700543370256151], [-0.7813469448524824, 0.10572233365540619, 0.6150770195155616], [1.096857575808907e-07, -0.9855472702555136, 0.16940064371747113]], "fy": 711.0720828906539, "fx": 711.103633635468}, {"id": 94, "img_name": "frame_0095", "width": 1280, "height": 720, "position": [7.543747610513979, 6.839638174178674, -6.829997633144624], "rotation": [[-0.6716876285936423, -0.41267452849831887, -0.6152523572672759], [0.740834481914975, -0.3741571151828678, -0.557826786344834], [-1.4106599626425227e-07, -0.8304855126290431, 0.5570402259381773]], "fy": 711.0720828906539, "fx": 711.103633635468}, {"id": 95, "img_name": "frame_0096", "width": 1280, "height": 720, "position": [4.558678972547252, 4.133155594339632, 13.111929234589166], "rotation": [[-0.6716848025294883, 0.6706560095670948, -0.31473805439200225], [0.7408370441945508, 0.6080546703341657, -0.2853594081748319], [-5.807401497056117e-08, -0.42484118764115847, -0.9052678969695358]], "fy": 711.0720828906539, "fx": 711.103633635468}, {"id": 96, "img_name": "frame_0097", "width": 1280, "height": 720, "position": [-8.11468184381692, 21.023887902540352, 1.548755526631651], "rotation": [[-0.932920187215374, -0.024688418102940264, 0.359235864436731], [-0.36008321855652764, 0.06396404027693381, -0.9307248128557777], [-5.3983185851583894e-08, -0.9976467729427207, -0.06856322948178455]], "fy": 711.0720828906539, "fx": 711.103633635468}, {"id": 97, "img_name": "frame_0098", "width": 1280, "height": 720, "position": [2.64194116654301, 6.584215245241802, -8.7906019700091], "rotation": [[-0.9280749159533673, -0.289790799537006, -0.233876554793021], [0.3723935423421401, -0.7222130528955959, -0.5828647835039407], [1.509957989935462e-07, -0.6280363036727462, 0.7781840407442518]], "fy": 711.0720828906539, "fx": 711.103633635468}, {"id": 98, "img_name": "frame_0099", "width": 1280, "height": 720, "position": [-3.658227937661368, -0.5978502354974239, 6.150372461021091], "rotation": [[0.16128647495912576, -0.8452621287844903, 0.5094296876291867], [-0.9869076314403785, -0.13813791577165838, 0.08325408837410654], [2.7312193540923342e-08, -0.5161878048433278, -0.856475422957965]], "fy": 711.0720828906539, "fx": 711.103633635468}, {"id": 99, "img_name": "frame_0100", "width": 1280, "height": 720, "position": [-1.4449819196611544, 0.4593343190098026, 6.00881498219028], "rotation": [[-0.3029443417267108, -0.924043961165403, 0.23316835902309097], [-0.9530082506546128, 0.2937371277816999, -0.07411999694274236],